[总距离: 109342.28, 校正次数: 12, 垂直误差: 6.96, 水平误差: 13.51]
331 0.00 50000.00 5000.00 -6 0
163 12712.84 53865.15 4887.55 0 1
114 17780.02 52287.88 5425.18 1 1
8 28165.24 61559.66 5480.81 0 1
309 33371.04 59710.97 5490.94 1 1
305 38934.35 57664.73 4792.31 0 1
123 47236.34 61603.81 5322.93 1 1
45 57201.39 62250.80 4688.61 0 1
160 64420.22 64125.83 5321.06 1 1
92 69704.89 66433.09 4985.05 0 1
93 79005.75 68248.83 5381.18 1 1
61 87932.99 72373.74 5346.58 0 0
292 93218.47 76188.67 4665.56 1 0
391 100000.00 74860.55 5499.61 -66 0
