[总距离: 122934.38, 校正次数: 14, 垂直误差: 6.96, 水平误差: 13.51]
331 0.00 50000.00 5000.00 -6 0
169 5355.87 42648.17 6791.13 0 0
322 7946.31 39584.64 5737.07 1 0
100 19121.82 39665.63 5341.84 0 0
137 24641.03 41360.93 6177.16 1 1
194 32919.75 41687.17 791.23 0 1
190 38903.06 39917.10 3912.85 1 1
108 48254.75 45291.03 3049.71 0 1
168 51880.03 51866.71 2868.80 1 1
115 57413.36 60947.74 2901.34 0 1
160 64420.22 64125.83 5321.06 1 1
92 69704.89 66433.09 4985.05 0 1
93 79005.75 68248.83 5381.18 1 1
61 87932.99 72373.74 5346.58 0 0
292 93218.47 76188.67 4665.56 1 0
391 100000.00 74860.55 5499.61 -66 0
