[总距离: 127608.16, 校正次数: 15, 垂直误差: 18.69, 水平误差: 9.06]
331 0.00 50000.00 5000.00 -6 0
163 12712.84 53865.15 4887.55 0 1
114 17780.02 52287.88 5425.18 1 1
234 22266.29 52391.96 6053.27 0 1
128 21953.98 55862.26 1472.65 1 1
8 28165.24 61559.66 5480.81 0 1
309 33371.04 59710.97 5490.94 1 1
121 44286.20 57515.65 7118.28 0 1
123 47236.34 61603.81 5322.93 1 1
231 55874.10 65143.36 6705.83 0 1
160 64420.22 64125.83 5321.06 1 1
92 69704.89 66433.09 4985.05 0 1
93 79005.75 68248.83 5381.18 1 1
38 81748.55 71186.88 534.40 0 0
110 83522.47 74687.82 654.17 1 0
99 92711.21 75096.72 848.45 0 0
391 100000.00 74860.55 5499.61 -66 0
